-1.6269620680791599
-0.7923859457932663
0.022456175704270276
1.8938542084394925
0.07830579934543147
-0.2230841414660918
-0.2763303650720026
0.7691813351656891
-0.9107125875551767
1.7045023719373598
1.9322830562352138
1.6221502114425759
-1.9304010635080364
-0.32094615356587664
-1.8481758648367546
0.7558748477645887
-0.07189325240255373
1.2227123488937988
0.9859783242654911
0.6071983360086781
-1.4662462310490518
1.5761768397617772
-1.1468200686902752
0.1840990701161518
1.3253027655288525
-1.759439956833035
0.21737986167661516
1.6319811519102134
0.9378994647712036
-0.6308655840456314
-1.4037754057837337
-1.4281544463185232
-0.0951242033411055
-0.25082745142750795
-1.168091267651147
-1.0521642004392655
1.947916634484307
1.06429422933856
0.590252674526329
-1.6415735104815572
1.2096073079596943
1.6359624617885014
1.1037031416421899
1.6620087817647948
0.3180928849253153
-0.10520123903175671
1.2006705019521018
-1.9185120702352356
-1.2604261733397162
-0.333694262611111
0.7599377445041697
-0.7158546617667803
0.22947984283492895
-1.9010190121472705
0.7630702436906924
-0.2862138481987784
-1.8995328583096525
0.8498525417136147
0.20282339122072202
0.9794961964037796
1.6589544165072008
-1.2781529115552392
1.415398068668389
-0.37839072086244263
0.7023102603268652
1.8502457852185934
1.1180103898643496
-0.25014289054387673
0.23523342025503258
0.24838350159127698
0.3373439977659287
0.25466862327119166
-1.4357116398675362
1.842577105502838
-1.7720110323371432
-0.08943577282389459
0.8474830266614766
-1.705092944382606
0.9607087245031343
0.14715849784462476
-1.2099127989547087
0.5743773154523111
1.9108662214885621
1.2503931285437466
1.69905586943801
1.3125753523353594
-0.34241916208600376
0.6501409294464024
1.5918189753525813
0.672113377813401
1.4523466769640327
-0.7032547768593944
1.1129382701607438
-0.8379419491030018
1.9911831210134006
1.1374248805468516
-1.002076166523799
1.6367637375326827
0.6976605152214019
-1.9188566967636898
1.0455749639387308
-0.7241661419475909
0.8106113867216895
-0.5214177255263142
0.7258832032806279
1.9123310329621535
-1.714738817236754
-1.1951344811336724
-0.15697539460026366
-1.1792316927934405
1.103025920942808
-1.447383282817237
1.626830365422303
1.9205362462166136
1.9403891088622665
-1.1420889927081044
0.7143696595911964
-1.665941070096467
-1.5733571858769118
-0.22475577408001612
0.3800640828489228
0.6589556199971565
0.7812678132332533
-1.8411191540069134
-0.5481876004213917
-1.334618843783273
-0.2903811258962059
1.0425098522791076
1.4653044813717515
0.045460465135917616
0.8349183235082842
1.6365138436738622
-0.862803631523926
-1.6419664038405806
-1.003027639396949
-0.7977613133844095
1.1376880384930295
-1.922522987210471
-1.1823573030035122
0.34543501510023944
-1.8438319970237957
-0.41833958633598467
0.31521084889248874
-0.4087609830150756
0.18323388620604275
1.6123506073510336
-0.5369281559989214
-1.8738275708101182
-0.9345549328129148
-0.01028895422300291
0.7290051753262512
1.177194131132369
0.5921239512405458
-1.0276564116412907
0.1378240731044471
-1.7571523455157134
1.760316657461182
-1.192589279567322
1.4812765773722711
-0.890270757029016
-1.0021608361506495
-0.6344929136871933
0.3154570517362618
1.9116729849835394
0.06626567346086931
1.1934765725835557
0.4948314794787789
0.9166761084387782
0.8566728456606456
-1.4051232105722882
1.4098552784259932
1.2313784570469486
0.06323527847917143
1.8479288887139593
-0.16518927404666162
-1.2942000474201047
1.9371747484270436
-0.7726040609448206
-1.8641295399359117
-0.7135988977736059
1.35506916984342
0.9834327697408658
1.0490216303348325
-0.23602559244589782
-0.6430727224727857
-0.6603854700030944
-1.6936289275188066
-0.5239805310270489
-0.43067555133617264
1.5269484670950413
-1.1283207602106704
-1.2457486134694213
0.7218569366518688
0.04095022012524163
-1.8003727500521975
0.756911202299531
1.6477837912764564
-1.8810701536573826
-0.11539371159023393
1.6197784147196703
-0.6928330997403047
-1.3333829083320956
-1.209871467287122
0.20528864198939356
-1.0394211728196985
0.7586126635610735
1.7520783928890489
0.6247788549434938
-0.08236248274678903
-1.6833804682571438
-0.0146001988325275
-1.3613009499274833
-1.5980040518993768
1.8352788350878972
0.8040151125525234
1.6202814127118836
0.5913156170287435
0.5042190167372902
0.20979378363542578
0.8267953391822318
-1.6130925875651605
-1.0892158433330552
-0.6777221141618996
0.31528926294490667
-0.28353029724398526
-1.9940869726598418
0.3597648281308232
0.7191864748623495
-0.19726235424128902
-1.722354223277906
1.3476487623130664
-0.14644329999558225
-0.29956444901996715
1.1933683056153686
1.785800940321808
0.7620152287704163
1.9977916565625886
0.38120270160412817
1.5922311187997367
0.27271804325508375
-1.572746499697729
1.1059466624344099
0.30105204403421837
-1.7930647311838763
-0.8217864355408282
-1.5710983495062272
-1.928155930885616
1.9548741834364063
-0.9506183682261766
-0.2536245887337216
-1.132098098940003
0.5566829207817623
-1.4900373956801674
-1.2560082969431132
-1.057682104967701
0.21027112911567913
1.6755081746978027
-0.7650402076387492
0.39037819846094735
0.34949794729570094
1.63013948599365
1.3488476606177238
1.0586762326681463
1.735641290164991
-0.28359671084419835
-1.2184847210956922
-1.5691077022404585
-0.40995440671098926
0.5033919325679519
-1.6062215846108887
0.7874444349877305
0.7514404986302532
-0.9315102421500612
-0.7728060308939151
0.11053698789606203
1.5305977275825788
1.143676386049434
0.46654079993152386
-1.1596531487782928
1.509651965570996
-0.23414196393636733
1.2240680564465394
1.6393832098192505
-1.2547560088971745
1.8425117642979352
0.6103429419563393
1.6410444560576578
-0.9543409200564539
-1.3557924946521402
0.3026830985587159
1.1879572018038758
0.5988951458774001
0.7594167535156577
0.8589587828080103
0.45930943869737284
-0.3834138684695598
-1.461214676638451
0.3891503952219031
0.00245855748110424
0.27136221920185877
